3.4250 13.8839
3.4078 13.8143
3.3959 13.7659
3.3810 13.7055
3.3468 13.5669
3.3359 13.5226
3.2770 13.2837
3.2718 13.2628
3.2225 13.0628
3.1922 12.9400
3.1870 12.9191
3.1850 12.9110
3.1460 12.7527
3.1392 12.7251
3.1167 12.6342
3.0822 12.4943
3.0712 12.4494
3.0655 12.4263
3.0643 12.4215
2.9980 12.1527
2.9653 12.0202
2.9535 11.9724
2.9261 11.8616
2.9063 11.7810
2.8617 11.6002
2.8397 11.5110
2.8263 11.4567
2.7986 11.3446
2.7927 11.3208
2.7643 11.2057
2.7531 11.1602
2.6849 10.8835
2.6843 10.8811
2.6633 10.7960
2.6439 10.7177
2.6280 10.6531
2.6136 10.5945
2.5703 10.4190
2.5691 10.4142
2.5444 10.3140
2.4922 10.1027
2.4859 10.0769
2.4714 10.0183
2.4210 9.8138
2.3922 9.6971
2.3742 9.6243
2.2968 9.3106
2.2931 9.2953
2.2687 9.1966
2.2549 9.1406
2.2477 9.1115
2.2333 9.0529
2.2242 9.0161
2.1663 8.7814
2.1251 8.6144
2.0910 8.4763
2.0369 8.2567
2.0253 8.2100
1.9955 8.0891
1.9553 7.9260
1.9456 7.8867
1.9241 7.7997
1.8725 7.5903
1.8326 7.4289
1.8229 7.3896
1.7911 7.2606
1.7402 7.0543
1.7116 6.9381
1.7085 6.9257
1.6977 6.8820
1.6020 6.4939
1.5619 6.3314
1.5617 6.3305
1.5498 6.2823
