Au (Gold) - Palik

wavelength (microns), Re(index)
0.7828, 0.218636
0.782313, 0.217191
0.781827, 0.215756
0.781342, 0.214332
0.780857, 0.212917
0.780373, 0.211513
0.779889, 0.21012
0.779406, 0.208736
0.778924, 0.207363
0.778442, 0.206
0.777961, 0.204648
0.777481, 0.203306
0.777, 0.201975
0.776521, 0.200654
0.776042, 0.199343
0.775564, 0.198043
0.775086, 0.196754
0.7749, 0.196253
0.774609, 0.195475
0.774133, 0.194207
0.773657, 0.192949
0.773182, 0.191701
0.772707, 0.190464
0.772233, 0.189238
0.771759, 0.188023
0.771286, 0.186818
0.770814, 0.185623
0.770342, 0.18444
0.769871, 0.183267
0.7694, 0.182104
0.76893, 0.180952
0.768461, 0.179811
0.767992, 0.178681
0.767523, 0.177561
0.767055, 0.176452
0.766588, 0.175353
0.766122, 0.174266
0.765656, 0.173189
0.76519, 0.172122
0.764725, 0.171067
0.764261, 0.170022
0.763797, 0.168987
0.763334, 0.167964
0.762871, 0.166951
0.762409, 0.165949
0.761947, 0.164957
0.761486, 0.163976
0.761026, 0.163006
0.760566, 0.162046
0.760106, 0.161098
0.759648, 0.160159
0.759189, 0.159232
0.758732, 0.158315
0.758274, 0.157409
0.757818, 0.156513
0.757362, 0.155628
0.756906, 0.154753
0.756451, 0.15389
0.755997, 0.153036
0.755543, 0.152194
0.75509, 0.151361
0.754637, 0.15054
0.754185, 0.149729
0.753733, 0.148928
0.753282, 0.148138
0.752831, 0.147358
0.752381, 0.146589
0.751932, 0.14583
0.751483, 0.145082
0.751034, 0.144344
0.750586, 0.143616
0.750139, 0.142899
0.749692, 0.142192
0.749246, 0.141496
0.7488, 0.140809
0.748355, 0.140133
0.74791, 0.139467
0.747466, 0.138812
0.747022, 0.138166
0.746579, 0.137531
0.746137, 0.136906
0.745694, 0.136291
0.745253, 0.135686
0.744812, 0.135091
0.744371, 0.134506
0.743931, 0.133931
0.743492, 0.133366
0.743053, 0.132811
0.742614, 0.132265
0.742176, 0.13173
0.741739, 0.131204
0.741302, 0.130688
0.740866, 0.130182
0.74043, 0.129686
0.739994, 0.129199
0.73956, 0.128722
0.739125, 0.128255
0.738691, 0.127797
0.738258, 0.127349
0.737825, 0.12691
0.737393, 0.126481
0.736961, 0.126061
0.73653, 0.12565
0.736099, 0.125249
0.735669, 0.124857
0.735239, 0.124474
0.73481, 0.124101
0.734381, 0.123736
0.733953, 0.123381
0.733525, 0.123035
0.733098, 0.122698
0.732671, 0.12237
0.732245, 0.122051
0.731819, 0.12174
0.731393, 0.121439
0.730969, 0.121146
0.730544, 0.120863
0.730121, 0.120587
0.729697, 0.120321
0.7293, 0.120079
0.729274, 0.120063
0.728852, 0.119814
0.72843, 0.119574
0.728009, 0.119341
0.727588, 0.119118
0.727168, 0.118902
0.726748, 0.118695
0.726328, 0.118497
0.725909, 0.118306
0.725491, 0.118124
0.725073, 0.11795
0.724655, 0.117784
0.724238, 0.117626
0.723822, 0.117476
0.723406, 0.117334
0.72299, 0.1172
0.722575, 0.117074
0.72216, 0.116955
0.721746, 0.116844
0.721333, 0.116741
0.720919, 0.116646
0.720507, 0.116558
0.720094, 0.116478
0.719683, 0.116405
0.719271, 0.11634
0.718861, 0.116282
0.71845, 0.116231
0.71804, 0.116188
0.717631, 0.116152
0.717222, 0.116123
0.716813, 0.116101
0.716405, 0.116086
0.715998, 0.116078
0.715591, 0.116077
0.715184, 0.116083
0.714778, 0.116096
0.714372, 0.116116
0.713967, 0.116142
0.713562, 0.116175
0.713158, 0.116215
0.712754, 0.116261
0.71235, 0.116314
0.711947, 0.116374
0.711545, 0.116439
0.711143, 0.116512
0.710741, 0.11659
0.71034, 0.116675
0.709939, 0.116766
0.709539, 0.116863
0.709139, 0.116966
0.70874, 0.117075
0.708341, 0.11719
0.707942, 0.117312
0.707544, 0.117439
0.707147, 0.117571
0.70675, 0.11771
0.706353, 0.117855
0.705957, 0.118005
0.705561, 0.11816
0.705166, 0.118322
0.704771, 0.118489
0.704376, 0.118661
0.703982, 0.118839
0.703589, 0.119022
0.703196, 0.11921
0.702803, 0.119404
0.702411, 0.119603
0.702019, 0.119807
0.701628, 0.120016
0.701237, 0.12023
0.700846, 0.120449
0.700456, 0.120673
0.700066, 0.120903
0.699677, 0.121136
0.699289, 0.121375
0.6989, 0.121619
0.698512, 0.121867
0.698125, 0.12212
0.697738, 0.122377
0.697351, 0.122639
0.696965, 0.122906
0.696579, 0.123177
0.696194, 0.123453
0.695809, 0.123732
0.695424, 0.124017
0.69504, 0.124305
0.694657, 0.124598
0.694274, 0.124895
0.693891, 0.125196
0.693508, 0.125501
0.693126, 0.12581
0.692745, 0.126123
0.692364, 0.12644
0.691983, 0.126761
0.691603, 0.127086
0.691223, 0.127414
0.690844, 0.127747
0.690465, 0.128083
0.690086, 0.128423
0.689708, 0.128766
0.68933, 0.129113
0.688953, 0.129464
0.6888, 0.129607
0.688576, 0.129818
0.688199, 0.130176
0.687823, 0.130537
0.687447, 0.130901
0.687072, 0.131269
0.686697, 0.13164
0.686323, 0.132014
0.685949, 0.132392
0.685575, 0.132772
0.685202, 0.133156
0.684829, 0.133543
0.684456, 0.133933
0.684084, 0.134326
0.683713, 0.134722
0.683341, 0.135121
0.682971, 0.135523
0.6826, 0.135927
0.68223, 0.136335
0.681861, 0.136745
0.681491, 0.137158
0.681122, 0.137574
0.680754, 0.137992
0.680386, 0.138413
0.680018, 0.138837
0.679651, 0.139263
0.679284, 0.139692
0.678918, 0.140123
0.678552, 0.140557
0.678186, 0.140993
0.677821, 0.141431
0.677456, 0.141872
0.677092, 0.142315
0.676727, 0.142761
0.676364, 0.143209
0.676, 0.143659
0.675638, 0.144111
0.675275, 0.144565
0.674913, 0.145022
0.674551, 0.14548
0.67419, 0.145941
0.673829, 0.146404
0.673468, 0.146868
0.673108, 0.147335
0.672748, 0.147804
0.672389, 0.148274
0.67203, 0.148747
0.671671, 0.149221
0.671313, 0.149697
0.670955, 0.150175
0.670597, 0.150655
0.67024, 0.151136
0.669884, 0.151619
0.669527, 0.152104
0.669171, 0.152591
0.668816, 0.153079
0.66846, 0.153569
0.668105, 0.15406
0.667751, 0.154553
0.667397, 0.155048
0.667043, 0.155544
0.66669, 0.156041
0.666337, 0.15654
0.665984, 0.157041
0.665632, 0.157542
0.66528, 0.158046
0.664929, 0.15855
0.664577, 0.159056
0.664227, 0.159564
0.663876, 0.160072
0.663526, 0.160582
0.663177, 0.161093
0.662827, 0.161606
0.662479, 0.162119
0.66213, 0.162634
0.661782, 0.16315
0.661434, 0.163667
0.661087, 0.164185
0.660739, 0.164705
0.660393, 0.165225
0.660046, 0.165747
0.6597, 0.166269
0.659355, 0.166793
0.65901, 0.167318
0.658665, 0.167843
0.65832, 0.16837
0.657976, 0.168898
0.657632, 0.169426
0.657289, 0.169956
0.656946, 0.170486
0.656603, 0.171018
0.65626, 0.17155
0.655918, 0.172083
0.655577, 0.172617
0.655235, 0.173152
0.654894, 0.173688
0.654554, 0.174224
0.654214, 0.174762
0.653874, 0.1753
0.653534, 0.175838
0.653195, 0.176378
0.652856, 0.176918
0.6526, 0.177327
0.652518, 0.177459
0.652179, 0.178001
0.651842, 0.178544
0.651504, 0.179087
0.651167, 0.17963
0.65083, 0.180175
0.650494, 0.18072
0.650158, 0.181266
0.649822, 0.181812
0.649487, 0.182359
0.649152, 0.182907
0.648817, 0.183455
0.648483, 0.184004
0.648149, 0.184553
0.647815, 0.185103
0.647482, 0.185654
0.647149, 0.186205
0.646816, 0.186756
0.646484, 0.187308
0.646152, 0.187861
0.645821, 0.188414
0.645489, 0.188968
0.645159, 0.189522
0.644828, 0.190076
0.644498, 0.190631
0.644168, 0.191187
0.643838, 0.191743
0.643509, 0.192299
0.64318, 0.192856
0.642852, 0.193413
0.642524, 0.193971
0.642196, 0.194529
0.641868, 0.195088
0.641541, 0.195647
0.641214, 0.196206
0.640888, 0.196766
0.640561, 0.197326
0.640236, 0.197886
0.63991, 0.198447
0.639585, 0.199008
0.63926, 0.19957
0.638935, 0.200132
0.638611, 0.200694
0.638287, 0.201257
0.637964, 0.20182
0.63764, 0.202383
0.637318, 0.202947
0.636995, 0.203511
0.636673, 0.204075
0.636351, 0.20464
0.636029, 0.205205
0.635708, 0.205771
0.635387, 0.206336
0.635066, 0.206902
0.634746, 0.207468
0.634426, 0.208035
0.634106, 0.208602
0.633787, 0.209169
0.633468, 0.209737
0.633149, 0.210304
0.632831, 0.210872
0.632513, 0.211441
0.632195, 0.212009
0.631878, 0.212578
0.631561, 0.213148
0.631244, 0.213717
0.630928, 0.214287
0.630611, 0.214857
0.630296, 0.215427
0.62998, 0.215998
0.629665, 0.216569
0.62935, 0.21714
0.629035, 0.217712
0.628721, 0.218284
0.628407, 0.218856
0.628094, 0.219428
0.62778, 0.220001
0.627467, 0.220573
0.627155, 0.221147
0.626842, 0.22172
0.62653, 0.222294
0.626218, 0.222868
0.625907, 0.223442
0.625596, 0.224017
0.625285, 0.224592
0.624975, 0.225167
0.624664, 0.225742
0.624354, 0.226318
0.624045, 0.226894
0.623736, 0.22747
0.623427, 0.228047
0.623118, 0.228624
0.62281, 0.229201
0.622502, 0.229779
0.622194, 0.230357
0.621886, 0.230935
0.621579, 0.231513
0.621272, 0.232092
0.620966, 0.232671
0.62066, 0.23325
0.620354, 0.23383
0.620048, 0.23441
0.6199, 0.234691
0.619743, 0.23499
0.619438, 0.235571
0.619133, 0.236152
0.618828, 0.236733
0.618524, 0.237315
0.618221, 0.237897
0.617917, 0.238479
0.617614, 0.239062
0.617311, 0.239645
0.617008, 0.240229
0.616706, 0.240812
0.616404, 0.241396
0.616102, 0.241981
0.615801, 0.242566
0.615499, 0.243151
0.615199, 0.243737
0.614898, 0.244323
0.614598, 0.244909
0.614298, 0.245496
0.613998, 0.246083
0.613699, 0.24667
0.613399, 0.247258
0.613101, 0.247847
0.612802, 0.248436
0.612504, 0.249025
0.612206, 0.249614
0.611908, 0.250204
0.611611, 0.250795
0.611314, 0.251386
0.611017, 0.251977
0.61072, 0.252569
0.610424, 0.253161
0.610128, 0.253754
0.609833, 0.254347
0.609537, 0.254941
0.609242, 0.255535
0.608947, 0.25613
0.608653, 0.256725
0.608359, 0.257321
0.608065, 0.257917
0.607771, 0.258514
0.607478, 0.259111
0.607185, 0.259709
0.606892, 0.260307
0.606599, 0.260906
0.606307, 0.261505
0.606015, 0.262105
0.605724, 0.262705
0.605432, 0.263306
0.605141, 0.263908
0.60485, 0.26451
0.60456, 0.265113
0.604269, 0.265716
0.603979, 0.26632
0.60369, 0.266925
0.6034, 0.26753
0.603111, 0.268136
0.602822, 0.268742
0.602534, 0.269349
0.602245, 0.269957
0.601957, 0.270565
0.601669, 0.271174
0.601382, 0.271784
0.601095, 0.272394
0.600808, 0.273005
0.600521, 0.273617
0.600235, 0.274229
0.599948, 0.274842
0.599663, 0.275456
0.599377, 0.276071
0.599092, 0.276686
0.598807, 0.277302
0.598522, 0.277918
0.598237, 0.278536
0.597953, 0.279154
0.597669, 0.279773
0.597385, 0.280393
0.597102, 0.281014
0.596819, 0.281635
0.596536, 0.282257
0.596253, 0.28288
0.595971, 0.283504
0.595689, 0.284128
0.595407, 0.284754
0.595126, 0.28538
0.594844, 0.286007
0.594563, 0.286635
0.594283, 0.287264
0.594002, 0.287894
0.593722, 0.288524
0.593442, 0.289156
0.593162, 0.289788
0.592883, 0.290422
0.592604, 0.291056
0.592325, 0.291691
0.592046, 0.292327
0.591768, 0.292965
0.591489, 0.293603
0.591212, 0.294242
0.590934, 0.294882
0.590657, 0.295523
0.5904, 0.296117
0.59038, 0.296165
0.590103, 0.296808
0.589826, 0.297452
0.58955, 0.298097
0.589274, 0.298743
0.588998, 0.29939
0.588723, 0.300038
0.588447, 0.300688
0.588172, 0.301338
0.587898, 0.30199
0.587623, 0.302642
0.587349, 0.303296
0.587075, 0.303951
0.586801, 0.304606
0.586528, 0.305263
0.586254, 0.305922
0.585981, 0.306581
0.585709, 0.307242
0.585436, 0.307903
0.585164, 0.308566
0.584892, 0.30923
0.58462, 0.309896
0.584349, 0.310562
0.584078, 0.31123
0.583807, 0.311899
0.583536, 0.312569
0.583266, 0.313241
0.582995, 0.313913
0.582726, 0.314588
0.582456, 0.315263
0.582186, 0.31594
0.581917, 0.316618
0.581648, 0.317297
0.58138, 0.317978
0.581111, 0.31866
0.580843, 0.319343
0.580575, 0.320028
0.580307, 0.320714
0.58004, 0.321401
0.579773, 0.32209
0.579506, 0.322781
0.579239, 0.323473
0.578972, 0.324166
0.578706, 0.324861
0.57844, 0.325557
0.578175, 0.326254
0.577909, 0.326953
0.577644, 0.327654
0.577379, 0.328356
0.577114, 0.32906
0.576849, 0.329765
0.576585, 0.330472
0.576321, 0.33118
0.576057, 0.33189
0.575794, 0.332601
0.57553, 0.333314
0.575267, 0.334029
0.575005, 0.334745
0.574742, 0.335463
0.57448, 0.336182
0.574218, 0.336904
0.573956, 0.337626
0.573694, 0.338351
0.573433, 0.339077
0.573171, 0.339805
0.572911, 0.340535
0.57265, 0.341266
0.572389, 0.341999
0.572129, 0.342734
0.571869, 0.34347
0.571609, 0.344209
0.57135, 0.344949
0.571091, 0.345691
0.570832, 0.346435
0.570573, 0.34718
0.570314, 0.347927
0.570056, 0.348677
0.569798, 0.349428
0.56954, 0.350181
0.569282, 0.350936
0.569025, 0.351693
0.568768, 0.352451
0.568511, 0.353212
0.568254, 0.353974
0.567998, 0.354739
0.567742, 0.355505
0.567486, 0.356274
0.56723, 0.357044
0.566974, 0.357817
0.566719, 0.358591
0.566464, 0.359368
0.566209, 0.360146
0.565954, 0.360927
0.5657, 0.36171
0.565446, 0.362495
0.565192, 0.363281
0.564938, 0.36407
0.564685, 0.364862
0.564431, 0.365655
0.564178, 0.36645
0.563926, 0.367248
0.563673, 0.368048
0.5636, 0.368279
0.563421, 0.36885
0.563169, 0.369654
0.562917, 0.37046
0.562665, 0.371269
0.562414, 0.37208
0.562162, 0.372893
0.561911, 0.373708
0.561661, 0.374526
0.56141, 0.375346
0.56116, 0.376168
0.56091, 0.376993
0.56066, 0.37782
0.56041, 0.378649
0.560161, 0.379481
0.559911, 0.380315
0.559662, 0.381152
0.559414, 0.381991
0.559165, 0.382832
0.558917, 0.383676
0.558669, 0.384522
0.558421, 0.385371
0.558173, 0.386222
0.557926, 0.387076
0.557678, 0.387932
0.557431, 0.388791
0.557185, 0.389653
0.556938, 0.390517
0.556692, 0.391383
0.556446, 0.392252
0.5562, 0.393124
0.555954, 0.393998
0.555708, 0.394875
0.555463, 0.395755
0.555218, 0.396637
0.554973, 0.397522
0.554729, 0.39841
0.554484, 0.3993
0.55424, 0.400194
0.553996, 0.401089
0.553752, 0.401988
0.553509, 0.402889
0.553266, 0.403794
0.553022, 0.404701
0.552779, 0.40561
0.552537, 0.406523
0.552294, 0.407439
0.552052, 0.408357
0.55181, 0.409278
0.551568, 0.410202
0.551327, 0.411129
0.551085, 0.412059
0.550844, 0.412992
0.550603, 0.413928
0.550362, 0.414867
0.550122, 0.415809
0.549881, 0.416754
0.549641, 0.417702
0.549401, 0.418652
0.549161, 0.419606
0.548922, 0.420563
0.548683, 0.421523
0.548443, 0.422487
0.548205, 0.423453
0.547966, 0.424422
0.547727, 0.425395
0.547489, 0.426371
0.547251, 0.42735
0.547013, 0.428332
0.546776, 0.429317
0.546538, 0.430306
0.546301, 0.431297
0.546064, 0.432292
0.545827, 0.433291
0.54559, 0.434292
0.545354, 0.435297
0.545118, 0.436305
0.544882, 0.437317
0.544646, 0.438332
0.54441, 0.43935
0.544175, 0.440372
0.54394, 0.441397
0.543705, 0.442425
0.54347, 0.443457
0.543235, 0.444493
0.543001, 0.445531
0.542767, 0.446574
0.542533, 0.44762
0.542299, 0.448669
0.542065, 0.449722
0.541832, 0.450778
0.541599, 0.451838
0.541366, 0.452902
0.541133, 0.453969
0.540901, 0.45504
0.540668, 0.456114
0.540436, 0.457192
0.540204, 0.458274
0.539972, 0.459359
0.539741, 0.460448
0.539509, 0.461541
0.539278, 0.462637
0.5391, 0.463486
0.539047, 0.463738
0.538816, 0.464842
0.538586, 0.465949
0.538355, 0.467061
0.538125, 0.468176
0.537895, 0.469296
0.537665, 0.470419
0.537436, 0.471545
0.537206, 0.472676
0.536977, 0.473811
0.536748, 0.474949
0.536519, 0.476092
0.536291, 0.477238
0.536062, 0.478389
0.535834, 0.479543
0.535606, 0.480701
0.535378, 0.481864
0.535151, 0.48303
0.534923, 0.484201
0.534696, 0.485375
0.534469, 0.486554
0.534242, 0.487736
0.534015, 0.488923
0.533789, 0.490114
0.533562, 0.491309
0.533336, 0.492508
0.53311, 0.493711
0.532885, 0.494918
0.532659, 0.49613
0.532434, 0.497346
0.532209, 0.498566
0.531984, 0.49979
0.531759, 0.501019
0.531534, 0.502252
0.53131, 0.503489
0.531086, 0.50473
0.530862, 0.505976
0.530638, 0.507226
0.530414, 0.508481
0.530191, 0.50974
0.529967, 0.511003
0.529744, 0.512271
0.529521, 0.513543
0.529299, 0.514819
0.529076, 0.5161
0.528854, 0.517385
0.528632, 0.518675
0.52841, 0.51997
0.528188, 0.521268
0.527966, 0.522572
0.527745, 0.52388
0.527524, 0.525192
0.527303, 0.526509
0.527082, 0.527831
0.526861, 0.529157
0.526641, 0.530488
0.526421, 0.531823
0.5262, 0.533163
0.525981, 0.534508
0.525761, 0.535858
0.525541, 0.537212
0.525322, 0.53857
0.525103, 0.539934
0.524884, 0.541302
0.524665, 0.542675
0.524446, 0.544053
0.524228, 0.545435
0.52401, 0.546822
0.523791, 0.548214
0.523574, 0.549611
0.523356, 0.551013
0.523138, 0.552419
0.522921, 0.553831
0.522704, 0.555247
0.522487, 0.556668
0.52227, 0.558094
0.522053, 0.559525
0.521837, 0.56096
0.521621, 0.562401
0.521404, 0.563847
0.521188, 0.565297
0.520973, 0.566753
0.520757, 0.568213
0.520542, 0.569678
0.520327, 0.571149
0.520112, 0.572624
0.519897, 0.574105
0.519682, 0.57559
0.519467, 0.57708
0.519253, 0.578576
0.519039, 0.580077
0.518825, 0.581582
0.518611, 0.583093
0.518398, 0.584609
0.518184, 0.586129
0.517971, 0.587655
0.517758, 0.589186
0.517545, 0.590723
0.517332, 0.592264
0.51712, 0.59381
0.516907, 0.595362
0.516695, 0.596919
0.5166, 0.597618
0.516483, 0.598481
0.516271, 0.600048
0.516059, 0.60162
0.515848, 0.603198
0.515636, 0.60478
0.515425, 0.606368
0.515214, 0.607961
0.515003, 0.60956
0.514793, 0.611163
0.514582, 0.612772
0.514372, 0.614386
0.514162, 0.616005
0.513952, 0.617629
0.513742, 0.619259
0.513532, 0.620894
0.513323, 0.622534
0.513114, 0.62418
0.512905, 0.625831
0.512696, 0.627487
0.512487, 0.629148
0.512278, 0.630815
0.51207, 0.632487
0.511862, 0.634164
0.511653, 0.635846
0.511446, 0.637534
0.511238, 0.639227
0.51103, 0.640926
0.510823, 0.642629
0.510616, 0.644338
0.510408, 0.646053
0.510202, 0.647772
0.509995, 0.649497
0.509788, 0.651227
0.509582, 0.652963
0.509376, 0.654704
0.509169, 0.65645
0.508964, 0.658201
0.508758, 0.659958
0.508552, 0.66172
0.508347, 0.663487
0.508142, 0.66526
0.507936, 0.667038
0.507732, 0.668821
0.507527, 0.67061
0.507322, 0.672404
0.507118, 0.674203
0.506914, 0.676007
0.506709, 0.677817
0.506505, 0.679632
0.506302, 0.681452
0.506098, 0.683277
0.505895, 0.685108
0.505691, 0.686944
0.505488, 0.688785
0.505285, 0.690632
0.505083, 0.692483
0.50488, 0.69434
0.504677, 0.696202
0.504475, 0.698069
0.504273, 0.699942
0.504071, 0.701819
0.503869, 0.703702
0.503668, 0.70559
0.503466, 0.707483
0.503265, 0.709381
0.503064, 0.711285
0.502863, 0.713193
0.502662, 0.715107
0.502461, 0.717026
0.502261, 0.718949
0.50206, 0.720878
0.50186, 0.722812
0.50166, 0.724751
0.50146, 0.726695
0.50126, 0.728644
0.501061, 0.730598
0.500861, 0.732557
0.500662, 0.73452
0.500463, 0.736489
0.500264, 0.738463
0.500065, 0.740442
0.499867, 0.742425
0.499668, 0.744413
0.49947, 0.746407
0.499272, 0.748405
0.499074, 0.750407
0.498876, 0.752415
0.498678, 0.754427
0.498481, 0.756445
0.498283, 0.758466
0.498086, 0.760493
0.497889, 0.762524
0.497692, 0.76456
0.497496, 0.766601
0.497299, 0.768646
0.497103, 0.770695
0.496906, 0.77275
0.49671, 0.774808
0.496514, 0.776872
0.496318, 0.778939
0.496123, 0.781011
0.495927, 0.783088
0.4959, 0.783377
0.495732, 0.785169
0.495537, 0.787254
0.495342, 0.789344
0.495147, 0.791438
0.494952, 0.793536
0.494757, 0.795639
0.494563, 0.797745
0.494369, 0.799856
0.494175, 0.801971
0.493981, 0.80409
0.493787, 0.806213
0.493593, 0.808341
0.4934, 0.810472
0.493206, 0.812607
0.493013, 0.814746
0.49282, 0.816889
0.492627, 0.819036
0.492434, 0.821187
0.492242, 0.823341
0.492049, 0.8255
0.491857, 0.827662
0.491665, 0.829827
0.491473, 0.831997
0.491281, 0.834169
0.491089, 0.836346
0.490898, 0.838526
0.490706, 0.840709
0.490515, 0.842896
0.490324, 0.845086
0.490133, 0.84728
0.489942, 0.849477
0.489752, 0.851677
0.489561, 0.85388
0.489371, 0.856087
0.48918, 0.858296
0.48899, 0.860509
0.4888, 0.862725
0.488611, 0.864943
0.488421, 0.867165
0.488232, 0.869389
0.488042, 0.871617
0.487853, 0.873847
0.487664, 0.87608
0.487475, 0.878315
0.487286, 0.880553
0.487098, 0.882794
0.486909, 0.885037
0.486721, 0.887283
0.486533, 0.889531
0.486345, 0.891782
0.486157, 0.894035
0.485969, 0.89629
0.485782, 0.898547
0.485594, 0.900807
0.485407, 0.903068
0.48522, 0.905332
0.485033, 0.907597
0.484846, 0.909865
0.484659, 0.912134
0.484473, 0.914406
0.484286, 0.916679
0.4841, 0.918953
0.483914, 0.92123
0.483728, 0.923508
0.483542, 0.925787
0.483356, 0.928068
0.483171, 0.93035
0.482985, 0.932634
0.4828, 0.934919


Au (Gold) - Palik

wavelength (microns), Re(index)
9.919, 12.24
9.537, 11.51
9.164, 10.84
8.856, 10.21
8.551, 9.582
8.266, 9.016
7.999, 8.5
7.749, 8.06
7.514, 7.655
7.293, 7.281
7.085, 6.937
6.888, 6.598
6.702, 6.27
6.526, 5.966
6.358, 5.664
6.199, 5.423
5.904, 4.971
5.636, 4.611
5.391, 4.292
5.166, 4.007
4.959, 3.748
4.769, 3.507
4.592, 3.289
4.426, 3.091
4.275, 2.911
4.133, 2.749
4, 2.6
3.875, 2.471
3.757, 2.352
3.647, 2.242
3.542, 2.141
3.444, 2.046
3.351, 1.958
3.263, 1.876
3.179, 1.8
3.1, 1.726
2.952, 1.596
2.818, 1.482
2.695, 1.379
2.583, 1.287
2.46, 1.205
2.384, 1.13
2.296, 1.063
2.214, 1.002
2.138, 0.947
2.066, 0.896
2, 0.85
1.937, 0.807
1.879, 0.767
1.823, 0.73
1.771, 0.696
1.712, 0.665
1.675, 0.636
1.631, 0.609
1.59, 0.583
1.55, 0.559
1.512, 0.537
1.476, 0.515
1.442, 0.493
1.409, 0.473
1.378, 0.454
1.319, 0.419
1.291, 0.403
1.265, 0.389
1.24, 0.372
1.127, 0.312
1.033, 0.272
0.9537, 0.235
0.8856, 0.21
0.8266, 0.188
0.7749, 0.174
0.7293, 0.164
0.6888, 0.16
0.6526, 0.166
0.6199, 0.194
0.5904, 0.236
0.5636, 0.306
0.5391, 0.402
0.5166, 0.608
0.4959, 0.916
0.4769, 1.242
0.4592, 1.426
0.4428, 1.562
0.4275, 1.615
0.4133, 1.636
0.4, 1.658
0.3875, 1.674
0.3757, 1.696
0.3647, 1.716
0.3542, 1.74
0.3444, 1.756
0.3351, 1.798
0.3263, 1.824
0.3179, 1.84
0.31, 1.83
0.3024, 1.812
0.2952, 1.776
0.2883, 1.742
0.2818, 1.69
0.2755, 1.648
0.2695, 1.598
0.2638, 1.546
0.2583, 1.504
0.253, 1.49
0.248, 1.464
0.2431, 1.478
0.2384, 1.47
0.2339, 1.452
0.2296, 1.454
0.2254, 1.452
0.2214, 1.442
0.2175, 1.438
0.2138, 1.432
0.2101, 1.43
0.2066, 1.422
0.2, 1.427
0.195, 1.414
0.19, 1.427
0.185, 1.442
0.18, 1.47
0.175, 1.5
0.17, 1.519
0.165, 1.512
0.16, 1.483
0.155, 1.45
0.15, 1.419
0.145, 1.385
0.14, 1.36
0.139, 1.355
0.138, 1.35
0.137, 1.345
0.136, 1.338
0.135, 1.333
0.134, 1.328
0.133, 1.323
0.132, 1.318
0.131, 1.313
0.13, 1.306
0.129, 1.304
0.127, 1.295
0.126, 1.29
0.126, 1.3
0.125, 1.285
0.124, 1.28
0.123, 1.275
0.122, 1.27
0.121, 1.265
0.12, 1.26
0.119, 1.255
0.117, 1.247
0.116, 1.242
0.116, 1.25
0.115, 1.237
0.114, 1.232
0.113, 1.228
0.112, 1.225
0.111, 1.223
0.11, 1.222
0.109, 1.22
0.108, 1.218
0.107, 1.218
0.106, 1.217
0.105, 1.217
0.104, 1.215
0.103, 1.213
0.102, 1.21
0.101, 1.207
0.1, 1.2
0.099, 1.19
0.098, 1.18
0.097, 1.17
0.096, 1.159
0.095, 1.146
0.094, 1.133
0.093, 1.121
0.092, 1.11
0.091, 1.1
0.09, 1.09
0.089, 1.08
0.088, 1.07
0.087, 1.061
0.086, 1.053
0.085, 1.048
0.084, 1.041
0.083, 1.037
0.082, 1.033
0.081, 1.03
0.08, 1.029
0.079, 1.028
0.078, 1.028
0.077, 1.029
0.076, 1.03
0.075, 1.033
0.074, 1.038
0.073, 1.042
0.072, 1.05
0.071, 1.06
0.07, 1.075
0.069, 1.088
0.068, 1.107
0.067, 1.125
0.066, 1.14
0.065, 1.155
0.064, 1.157
0.063, 1.153
0.062, 1.146
0.061, 1.134
0.06, 1.113
0.059, 1.085
0.058, 1.055
0.057, 1.022
0.056, 0.985
0.055, 0.95
0.054, 0.915
0.053, 0.89
0.052, 0.872
0.051, 0.86
0.05, 0.85
0.049, 0.846
0.048, 0.846
0.04768, 0.896
0.047, 0.855
0.04592, 0.895
0.04428, 0.901
0.04275, 0.905
0.04203, 0.9
0.04133, 0.887
0.04065, 0.87
0.03999, 0.851
0.03874, 0.805
0.03757, 0.781
0.03646, 0.779
0.03542, 0.783
0.03444, 0.786
0.03351, 0.788
0.03263, 0.791
0.03179, 0.793
0.03099, 0.795
0.03024, 0.799
0.02952, 0.804
0.02883, 0.807
0.02816, 0.807
0.02755, 0.805
0.02695, 0.805
0.02636, 0.809
0.02583, 0.814
0.0253, 0.821
0.0248, 0.826
0.02384, 0.839
0.02296, 0.848
0.02214, 0.856
0.02136, 0.861
0.02066, 0.863
0.02, 0.859
0.01937, 0.857
0.01876, 0.856
0.01823, 0.855
0.01771, 0.857
0.01722, 0.862
0.01675, 0.869
0.01631, 0.873
0.01589, 0.875
0.0155, 0.878
0.01512, 0.881
0.01494, 0.884
0.01485, 0.885
0.01476, 0.886
0.01467, 0.888
0.01459, 0.887
0.01442, 0.886
0.01425, 0.887
0.01417, 0.888
0.01409, 0.889
0.0124, 0.889
0.01181, 0.9
0.01127, 0.911
0.01033, 0.929
0.008265, 0.963
0.006888, 0.979
0.006199, 0.983
0.005636, 0.986
0.004769, 0.988
0.004133, 0.991
0.003136, 0.99525
0.002742, 0.99592
0.002478, 0.996
0.002362, 0.99624
0.002164, 0.99652
0.001945, 0.99665
0.001759, 0.99708
0.001597, 0.99734
0.001456, 0.99759
0.001334, 0.99788
0.001225, 0.9962
0.001044, 0.99871
0.000989, 0.99885
0.000834, 0.999065
0.0008, 0.999156
0.0007, 0.999395
0.0006, 0.999637
0.0005, 0.999706
0.0004, 0.999769
0.00035, 0.999794
0.0003, 0.999831
0.00025, 0.999879
0.0002, 0.999923
0.000175, 0.999942
0.00015, 0.999958
0.000145, 0.999961
0.000135, 0.999966
0.000125, 0.999972


